8388608.000000
1073914511360.000000
1073915035648.000000
1070507950080.000000
1070504476672.000000
1070507950080.000000
1044738146304.000000
1044734672896.000000
1044738146304.000000
1044734672896.000000
1044738146304.000000
1044734672896.000000
1019840757760.000000
1018666352640.000000
1018662879232.000000
1018649575424.000000
1018646102016.000000
1018632798208.000000
908069634048.000000
988900098048.000000
988903571456.000000
988900098048.000000
988903571456.000000
988900098048.000000
988903571456.000000
0.000000
963586752512.000000
963583279104.000000
963569975296.000000
963566501888.000000
963553198080.000000
963549724672.000000
933068996608.000000
933068996608.000000
933065523200.000000
933068996608.000000
933065523200.000000
933068996608.000000
907299192832.000000
907295719424.000000
907299192832.000000
907295719424.000000
907299192832.000000
907295719424.000000
881864933376.000000
880958963712.000000
880955490304.000000
880942186496.000000
880938713088.000000
820511965184.000000
906411311104.000000
851461144576.000000
851464617984.000000
851461144576.000000
851464617984.000000
851461144576.000000
851464617984.000000
0.000000
825879363584.000000
825875890176.000000
825862586368.000000
825859112960.000000
825845809152.000000
825842335744.000000
795630043136.000000
795630043136.000000
795626569728.000000
795630043136.000000
795626569728.000000
795630043136.000000
770799763456.000000
770796290048.000000
770782986240.000000
770779512832.000000
770766209024.000000
770762735616.000000
743892582400.000000
744086962176.000000
743202553856.000000
744086962176.000000
743202553856.000000
744086962176.000000
906993729536.000000
714022191104.000000
714025664512.000000
714022191104.000000
714025664512.000000
714022191104.000000
714025664512.000000
688171974656.000000
688168501248.000000
688155197440.000000
688151724032.000000
688138420224.000000
688134946816.000000
658190565376.000000
658191089664.000000
658187616256.000000
658191089664.000000
658187616256.000000
658191089664.000000
631783751680.000000
633088901120.000000
633075597312.000000
633072123904.000000
633058820096.000000
633055346688.000000
906563420160.000000
821396373504.000000
820511965184.000000
821396373504.000000
820511965184.000000
821396373504.000000
820511965184.000000
0.000000
576583237632.000000
576586711040.000000
576583237632.000000
576586711040.000000
576583237632.000000
576586711040.000000
731202060288.000000
730317651968.000000
726907092992.000000
726022684672.000000
722612125696.000000
721727717376.000000
205349568512.000000
205349093376.000000
205349093376.000000
205617528832.000000
205613334528.000000
205609140224.000000
205350961152.000000
205349093376.000000
205349093376.000000
205349093376.000000
205349093376.000000
205349093376.000000
225751056384.000000
205349093376.000000
205349093376.000000
205349093376.000000
205349093376.000000
205349093376.000000
205349093376.000000
0.000000
205118406656.000000
205114212352.000000
205110018048.000000
205127974912.000000
205101629440.000000
205097435136.000000
205307150336.000000
205302956032.000000
205298761728.000000
205294567424.000000
205290373120.000000
205286178816.000000
205496500224.000000
205491699712.000000
205487505408.000000
205483311104.000000
205479116800.000000
205474922496.000000
205350436864.000000
205349093376.000000
205349093376.000000
205349093376.000000
205349093376.000000
205349093376.000000
225751056384.000000
205349093376.000000
205349093376.000000
205349093376.000000
205349093376.000000
205349093376.000000
205349093376.000000
205349093376.000000
205349093376.000000
205349093376.000000
205349093376.000000
205349093376.000000
205349093376.000000
205173800960.000000
205168738304.000000
205164544000.000000
205160349696.000000
205156155392.000000
205151961088.000000
247225024512.000000
247225024512.000000
247225024512.000000
247489265664.000000
247480877056.000000
247472488448.000000
225915568128.000000
219307737088.000000
219307737088.000000
219307737088.000000
219307737088.000000
219307737088.000000
219307737088.000000
0.000000
192426442752.000000
192418054144.000000
192409665536.000000
192401276928.000000
192392888320.000000
192384499712.000000
164546904064.000000
164546904064.000000
164546904064.000000
164546904064.000000
164546904064.000000
164546904064.000000
51337490432.000000
51337273344.000000
51337273344.000000
51337273344.000000
51337273344.000000
51337273344.000000
51337490432.000000
51337273344.000000
51337273344.000000
51401236480.000000
51397042176.000000
51392847872.000000
56169529344.000000
51329933312.000000
51325739008.000000
51321544704.000000
51317350400.000000
51313156096.000000
51308961792.000000
0.000000
54558498816.000000
54558498816.000000
54558498816.000000
54558498816.000000
54558498816.000000
54558498816.000000
12834318336.000000
12847163392.000000
12842969088.000000
12838774784.000000
12834580480.000000
12830386176.000000
12826191872.000000
12821997568.000000
12820496384.000000
12834318336.000000
12834318336.000000
12834318336.000000
12834318336.000000
12834318336.000000
12834318336.000000
12834318336.000000
12834318336.000000
12847163392.000000
12842969088.000000
12838774784.000000
12834580480.000000
12830386176.000000
12826191872.000000
12821997568.000000
12820496384.000000
12834318336.000000
12834318336.000000
12834318336.000000
12834318336.000000
12834318336.000000
12834318336.000000
12834318336.000000
12834318336.000000
12847163392.000000
12842969088.000000
12838774784.000000
12834580480.000000
12830386176.000000
12826191872.000000
12821997568.000000
12820496384.000000
12834318336.000000
12834318336.000000
12834318336.000000
12834318336.000000
12834318336.000000
12834318336.000000
12834318336.000000
12834318336.000000
12847163392.000000
12842969088.000000
12838774784.000000
12834580480.000000
12830386176.000000
12826191872.000000
12821997568.000000
12820496384.000000
12834318336.000000
12834318336.000000
12834318336.000000
12834318336.000000
12834318336.000000
12834318336.000000
12834318336.000000
12834318336.000000
12847163392.000000
12842969088.000000
12838774784.000000
12834580480.000000
12830386176.000000
12826191872.000000
12821997568.000000
12820496384.000000
12834318336.000000
12834318336.000000
12834318336.000000
12834318336.000000
12834318336.000000
12834318336.000000
12834318336.000000
12834318336.000000
12847163392.000000
12842969088.000000
12838774784.000000
12834580480.000000
12830386176.000000
12826191872.000000
12821997568.000000
12820496384.000000
12834318336.000000
12834318336.000000
12834318336.000000
12834318336.000000
12834318336.000000
12834318336.000000
12834318336.000000
12834318336.000000
12847163392.000000
12842969088.000000
12838774784.000000
12834580480.000000
12830386176.000000
12826191872.000000
12821997568.000000
12820496384.000000
12834318336.000000
12834318336.000000
12834318336.000000
12834318336.000000
12834318336.000000
12834318336.000000
12834318336.000000
12834318336.000000
12847163392.000000
12842969088.000000
12838774784.000000
12834580480.000000
12830386176.000000
12826191872.000000
12821997568.000000
12820496384.000000
12834318336.000000
12834318336.000000
12834318336.000000
12834318336.000000
12834318336.000000
12834318336.000000
12834318336.000000
12834318336.000000
12847163392.000000
12842969088.000000
12838774784.000000
12834580480.000000
12830386176.000000
12826191872.000000
12821997568.000000
12820496384.000000
12834318336.000000
12834318336.000000
12834318336.000000
12834318336.000000
12834318336.000000
12834318336.000000
12834318336.000000
12834318336.000000
12847163392.000000
12842969088.000000
12838774784.000000
12834580480.000000
12830386176.000000
12826191872.000000
12821997568.000000
12820496384.000000
12834318336.000000
12834318336.000000
12834318336.000000
12834318336.000000
12834318336.000000
12834318336.000000
12834318336.000000
12834318336.000000
12847163392.000000
12842969088.000000
12838774784.000000
12834580480.000000
12830386176.000000
12826191872.000000
12821997568.000000
12820496384.000000
12834318336.000000
12834318336.000000
-nan
-nan
12834318336.000000
12834318336.000000
12834318336.000000
12834318336.000000
12847163392.000000
12842969088.000000
12838774784.000000
12834580480.000000
12830386176.000000
12826191872.000000
12821997568.000000
12820496384.000000
12834318336.000000
12834318336.000000
-nan
-nan
12834318336.000000
12834318336.000000
12834318336.000000
12834318336.000000
12847163392.000000
12842969088.000000
12838774784.000000
12834580480.000000
12830386176.000000
12826191872.000000
12821997568.000000
12820496384.000000
12834318336.000000
12834318336.000000
-nan
-nan
12834318336.000000
12834318336.000000
12834318336.000000
12834318336.000000
12847163392.000000
12842969088.000000
12838774784.000000
12834580480.000000
12830386176.000000
12826191872.000000
12821997568.000000
12820496384.000000
12834318336.000000
12834318336.000000
-nan
-nan
12834318336.000000
12834318336.000000
12834318336.000000
12834318336.000000
12847163392.000000
12842969088.000000
12838774784.000000
12834580480.000000
12830386176.000000
12826191872.000000
12821997568.000000
12820496384.000000
12834318336.000000
12834318336.000000
-nan
-nan
12834318336.000000
12834318336.000000
12834318336.000000
12834318336.000000
12847163392.000000
12842969088.000000
12838774784.000000
12834580480.000000
12830386176.000000
12826191872.000000
12821997568.000000
12820496384.000000
12834318336.000000
12834318336.000000
-nan
-nan
12834318336.000000
12834318336.000000
12834318336.000000
12834318336.000000
12847163392.000000
12842969088.000000
12838774784.000000
12834580480.000000
12830386176.000000
12826191872.000000
12821997568.000000
12820496384.000000
12834318336.000000
12834318336.000000
-nan
-nan
12834318336.000000
12834318336.000000
12834318336.000000
12834318336.000000
12847163392.000000
12842969088.000000
12838774784.000000
12834580480.000000
12830386176.000000
12826191872.000000
12821997568.000000
12820496384.000000
12834318336.000000
12834318336.000000
-nan
-nan
12834318336.000000
12834318336.000000
12834318336.000000
12834318336.000000
12847163392.000000
12842969088.000000
12838774784.000000
12834580480.000000
12830386176.000000
12826191872.000000
12821997568.000000
12820496384.000000
12834318336.000000
12834318336.000000
-nan
-nan
12834318336.000000
12834318336.000000
12834318336.000000
12834318336.000000
12847163392.000000
12842969088.000000
12838774784.000000
12834580480.000000
12830386176.000000
12826191872.000000
12821997568.000000
12820496384.000000
12834318336.000000
12834318336.000000
-nan
-nan
12834318336.000000
12834318336.000000
12834318336.000000
12834318336.000000
12847163392.000000
12842969088.000000
12838774784.000000
12834580480.000000
12830386176.000000
12826191872.000000
12821997568.000000
12820496384.000000
12834318336.000000
12834318336.000000
-nan
-nan
12834318336.000000
12834318336.000000
12834318336.000000
12834318336.000000
12847163392.000000
12842969088.000000
12838774784.000000
12834580480.000000
12830386176.000000
12826191872.000000
12821997568.000000
12820496384.000000
12834318336.000000
12834318336.000000
-nan
-nan
12834318336.000000
12834318336.000000
12834318336.000000
12834318336.000000
12847163392.000000
12842969088.000000
12838774784.000000
12834580480.000000
12830386176.000000
12826191872.000000
12821997568.000000
12820496384.000000
12834318336.000000
12834318336.000000
-nan
-nan
12834318336.000000
12834318336.000000
12834318336.000000
12834318336.000000
12847163392.000000
12842969088.000000
12838774784.000000
12834580480.000000
12830386176.000000
12826191872.000000
12821997568.000000
12820496384.000000
12834318336.000000
12834318336.000000
-nan
-nan
12834318336.000000
12834318336.000000
12834318336.000000
12834318336.000000
12847163392.000000
12842969088.000000
12838774784.000000
12834580480.000000
12830386176.000000
12826191872.000000
12821997568.000000
12820496384.000000
12834318336.000000
12834318336.000000
-nan
-nan
12834318336.000000
12834318336.000000
12834318336.000000
12834318336.000000
12847163392.000000
12842969088.000000
12838774784.000000
12834580480.000000
12830386176.000000
12826191872.000000
12821997568.000000
12820496384.000000
12834318336.000000
12834318336.000000
-nan
-nan
12834318336.000000
12834318336.000000
12834318336.000000
12834318336.000000
12847163392.000000
12842969088.000000
12838774784.000000
12834580480.000000
12830386176.000000
12826191872.000000
12821997568.000000
12820496384.000000
12834318336.000000
12834318336.000000
-nan
-nan
12834318336.000000
12834318336.000000
12834318336.000000
12834318336.000000
12847163392.000000
12842969088.000000
12838774784.000000
12834580480.000000
12830386176.000000
12826191872.000000
12821997568.000000
12820496384.000000
12834318336.000000
12834318336.000000
-nan
-nan
12834318336.000000
12834318336.000000
12834318336.000000
12834318336.000000
12847163392.000000
12842969088.000000
12838774784.000000
12834580480.000000
12830386176.000000
12826191872.000000
12821997568.000000
12820496384.000000
12834318336.000000
12834318336.000000
-nan
-nan
12834318336.000000
12834318336.000000
12834318336.000000
12834318336.000000
12847163392.000000
12842969088.000000
12838774784.000000
12834580480.000000
12830386176.000000
12826191872.000000
12821997568.000000
12820496384.000000
12834318336.000000
12834318336.000000
-nan
-nan
12834318336.000000
12834318336.000000
12834318336.000000
12834318336.000000
12847163392.000000
12842969088.000000
12838774784.000000
12834580480.000000
12830386176.000000
12826191872.000000
12821997568.000000
12820496384.000000
12834318336.000000
12834318336.000000
-nan
-nan
12834318336.000000
12834318336.000000
12834318336.000000
12834318336.000000
12847163392.000000
12842969088.000000
12838774784.000000
12834580480.000000
12830386176.000000
12826191872.000000
12821997568.000000
12820496384.000000
12834318336.000000
12834318336.000000
-nan
-nan
12834318336.000000
12834318336.000000
12834318336.000000
12834318336.000000
12847163392.000000
12842969088.000000
12838774784.000000
12834580480.000000
12830386176.000000
12826191872.000000
12821997568.000000
12820496384.000000
12834318336.000000
12834318336.000000
-nan
-nan
12834318336.000000
12834318336.000000
12834318336.000000
12834318336.000000
12847163392.000000
12842969088.000000
12838774784.000000
12834580480.000000
12830386176.000000
12826191872.000000
12821997568.000000
12820496384.000000
12834318336.000000
12834318336.000000
-nan
-nan
12834318336.000000
12834318336.000000
12834318336.000000
12834318336.000000
12847163392.000000
12842969088.000000
12838774784.000000
12834580480.000000
12830386176.000000
12826191872.000000
12821997568.000000
12820496384.000000
12834318336.000000
12834318336.000000
-nan
-nan
12834318336.000000
12834318336.000000
12834318336.000000
12834318336.000000
12847163392.000000
12842969088.000000
12838774784.000000
12834580480.000000
12830386176.000000
12826191872.000000
12821997568.000000
12820496384.000000
12834318336.000000
12834318336.000000
-nan
-nan
12834318336.000000
12834318336.000000
12834318336.000000
12834318336.000000
12847163392.000000
12842969088.000000
12838774784.000000
12834580480.000000
12830386176.000000
12826191872.000000
12821997568.000000
12820496384.000000
12834318336.000000
12834318336.000000
-nan
-nan
12834318336.000000
12834318336.000000
12834318336.000000
12834318336.000000
12847163392.000000
12842969088.000000
12838774784.000000
12834580480.000000
12830386176.000000
12826191872.000000
12821997568.000000
12820496384.000000
12834318336.000000
12834318336.000000
-nan
-nan
12834318336.000000
12834318336.000000
12834318336.000000
12834318336.000000
12847163392.000000
12842969088.000000
12838774784.000000
12834580480.000000
12830386176.000000
12826191872.000000
12821997568.000000
12820496384.000000
12834318336.000000
12834318336.000000
-nan
-nan
12834318336.000000
12834318336.000000
12834318336.000000
12834318336.000000
12847163392.000000
12842969088.000000
12838774784.000000
12834580480.000000
12830386176.000000
12826191872.000000
12821997568.000000
12820496384.000000
12834318336.000000
12834318336.000000
-nan
-nan
12834318336.000000
12834318336.000000
12834318336.000000
12834318336.000000
12847163392.000000
12842969088.000000
12838774784.000000
12834580480.000000
12830386176.000000
12826191872.000000
12821997568.000000
12820496384.000000
12834318336.000000
12834318336.000000
-nan
-nan
12834318336.000000
12834318336.000000
12834318336.000000
12834318336.000000
12847163392.000000
12842969088.000000
12838774784.000000
12834580480.000000
12830386176.000000
12826191872.000000
12821997568.000000
12820496384.000000
12834318336.000000
12834318336.000000
-nan
-nan
12834318336.000000
12834318336.000000
12834318336.000000
12834318336.000000
12847163392.000000
12842969088.000000
12838774784.000000
12834580480.000000
12830386176.000000
12826191872.000000
12821997568.000000
12820496384.000000
12834318336.000000
12834318336.000000
-nan
-nan
12834318336.000000
12834318336.000000
12834318336.000000
12834318336.000000
12847163392.000000
12842969088.000000
12838774784.000000
12834580480.000000
12830386176.000000
12826191872.000000
12821997568.000000
12820496384.000000
12834318336.000000
12834318336.000000
-nan
-nan
12834318336.000000
12834318336.000000
12834318336.000000
12834318336.000000
12847163392.000000
12842969088.000000
12838774784.000000
12834580480.000000
12830386176.000000
12826191872.000000
12821997568.000000
12820496384.000000
12834318336.000000
12834318336.000000
-nan
-nan
12834318336.000000
12834318336.000000
12834318336.000000
12834318336.000000
12847163392.000000
12842969088.000000
12838774784.000000
12834580480.000000
12830386176.000000
12826191872.000000
12821997568.000000
12820496384.000000
12834318336.000000
12834318336.000000
-nan
-nan
12834318336.000000
12834318336.000000
12834318336.000000
12834318336.000000
12847163392.000000
12842969088.000000
12838774784.000000
12834580480.000000
12830386176.000000
12826191872.000000
12821997568.000000
12820496384.000000
0.540287
0.540024
0.540024
0.540024
0.540024
0.540024
0.540024
0.540024
171140563622584679273913647104.000000
39901936678967705600.000000
9286199296.000000
2.161135
0.000000
0.000000
0.000000
0.000000
12834318336.000000
12834318336.000000
-nan
-nan
12834318336.000000
12834318336.000000
12834318336.000000
12834318336.000000
12847163392.000000
12842969088.000000
12838774784.000000
12834580480.000000
12830386176.000000
12826191872.000000
12821997568.000000
12820496384.000000
12834318336.000000
12834318336.000000
-nan
-nan
12834318336.000000
12834318336.000000
12834318336.000000
12834318336.000000
12847163392.000000
12842969088.000000
12838774784.000000
12834580480.000000
12830386176.000000
12826191872.000000
12821997568.000000
12820496384.000000
12834318336.000000
12834318336.000000
-nan
-nan
12834318336.000000
12834318336.000000
12834318336.000000
12834318336.000000
12847163392.000000
12842969088.000000
12838774784.000000
12834580480.000000
12830386176.000000
12826191872.000000
12821997568.000000
12820496384.000000
12834318336.000000
12834318336.000000
-nan
-nan
12834318336.000000
12834318336.000000
12834318336.000000
12834318336.000000
12847163392.000000
12842969088.000000
12838774784.000000
12834580480.000000
12830386176.000000
12826191872.000000
12821997568.000000
12820496384.000000
12834318336.000000
12834318336.000000
-nan
-nan
12834318336.000000
12834318336.000000
12834318336.000000
12834318336.000000
12847163392.000000
12842969088.000000
12838774784.000000
12834580480.000000
12830386176.000000
12826191872.000000
12821997568.000000
12820496384.000000
12834318336.000000
12834318336.000000
-nan
-nan
12834318336.000000
12834318336.000000
12834318336.000000
12834318336.000000
12847163392.000000
12842969088.000000
12838774784.000000
12834580480.000000
12830386176.000000
12826191872.000000
12821997568.000000
12820496384.000000
12834318336.000000
12834318336.000000
-nan
-nan
12834318336.000000
12834318336.000000
12834318336.000000
12834318336.000000
12847163392.000000
12842969088.000000
12838774784.000000
12834580480.000000
12830386176.000000
12826191872.000000
12821997568.000000
12820496384.000000
12834318336.000000
12834318336.000000
-nan
-nan
12834318336.000000
12834318336.000000
12834318336.000000
12834318336.000000
12847163392.000000
12842969088.000000
12838774784.000000
12834580480.000000
12830386176.000000
12826191872.000000
12821997568.000000
12820496384.000000
12834318336.000000
12834318336.000000
-nan
-nan
12834318336.000000
12834318336.000000
12834318336.000000
12834318336.000000
12847163392.000000
12842969088.000000
12838774784.000000
12834580480.000000
12830386176.000000
12826191872.000000
12821997568.000000
12820496384.000000
12834318336.000000
12834318336.000000
-nan
-nan
12834318336.000000
12834318336.000000
12834318336.000000
12834318336.000000
12847163392.000000
12842969088.000000
12838774784.000000
12834580480.000000
12830386176.000000
12826191872.000000
12821997568.000000
12820496384.000000
12834318336.000000
12834318336.000000
-nan
-nan
12834318336.000000
12834318336.000000
12834318336.000000
12834318336.000000
12847163392.000000
12842969088.000000
12838774784.000000
12834580480.000000
12830386176.000000
12826191872.000000
12821997568.000000
12820496384.000000
12834318336.000000
12834318336.000000
-nan
-nan
12834318336.000000
12834318336.000000
12834318336.000000
12834318336.000000
12847163392.000000
12842969088.000000
12838774784.000000
12834580480.000000
12830386176.000000
12826191872.000000
12821997568.000000
12820496384.000000
12834318336.000000
12834318336.000000
-nan
-nan
12834318336.000000
12834318336.000000
12834318336.000000
12834318336.000000
12847163392.000000
12842969088.000000
12838774784.000000
12834580480.000000
12830386176.000000
12826191872.000000
12821997568.000000
12820496384.000000
12834318336.000000
12834318336.000000
-nan
-nan
12834318336.000000
12834318336.000000
12834318336.000000
12834318336.000000
12847163392.000000
12842969088.000000
12838774784.000000
12834580480.000000
12830386176.000000
12826191872.000000
12821997568.000000
12820496384.000000
12834318336.000000
12834318336.000000
-nan
-nan
12834318336.000000
12834318336.000000
12834318336.000000
12834318336.000000
12847163392.000000
12842969088.000000
12838774784.000000
12834580480.000000
12830386176.000000
12826191872.000000
12821997568.000000
12820496384.000000
12834318336.000000
12834318336.000000
-nan
-nan
12834318336.000000
12834318336.000000
12834318336.000000
12834318336.000000
12847163392.000000
12842969088.000000
12838774784.000000
12834580480.000000
12830386176.000000
12826191872.000000
12821997568.000000
12820496384.000000
12834318336.000000
12834318336.000000
-nan
-nan
12834318336.000000
12834318336.000000
12834318336.000000
12834318336.000000
12847163392.000000
12842969088.000000
12838774784.000000
12834580480.000000
12830386176.000000
12826191872.000000
12821997568.000000
12820496384.000000
12834318336.000000
12834318336.000000
-nan
-nan
12834318336.000000
12834318336.000000
12834318336.000000
12834318336.000000
12847163392.000000
12842969088.000000
12838774784.000000
12834580480.000000
12830386176.000000
12826191872.000000
12821997568.000000
12820496384.000000
12834318336.000000
12834318336.000000
-nan
-nan
12834318336.000000
12834318336.000000
12834318336.000000
12834318336.000000
12847163392.000000
12842969088.000000
12838774784.000000
12834580480.000000
12830386176.000000
12826191872.000000
12821997568.000000
12820496384.000000
12834318336.000000
12834318336.000000
-nan
-nan
12834318336.000000
12834318336.000000
12834318336.000000
12834318336.000000
12847163392.000000
12842969088.000000
12838774784.000000
12834580480.000000
12830386176.000000
12826191872.000000
12821997568.000000
12820496384.000000
12834318336.000000
12834318336.000000
-nan
-nan
12834318336.000000
12834318336.000000
12834318336.000000
12834318336.000000
12847163392.000000
12842969088.000000
12838774784.000000
12834580480.000000
12830386176.000000
12826191872.000000
12821997568.000000
12820496384.000000
12834318336.000000
12834318336.000000
-nan
-nan
12834318336.000000
12834318336.000000
12834318336.000000
12834318336.000000
12847163392.000000
12842969088.000000
12838774784.000000
12834580480.000000
12830386176.000000
12826191872.000000
12821997568.000000
12820496384.000000
12834318336.000000
12834318336.000000
-nan
-nan
12834318336.000000
12834318336.000000
12834318336.000000
12834318336.000000
12847163392.000000
12842969088.000000
12838774784.000000
12834580480.000000
12830386176.000000
12826191872.000000
12821997568.000000
12820496384.000000
12834318336.000000
12834318336.000000
-nan
-nan
12834318336.000000
12834318336.000000
12834318336.000000
12834318336.000000
12847163392.000000
12842969088.000000
12838774784.000000
12834580480.000000
12830386176.000000
12826191872.000000
12821997568.000000
12820496384.000000
12834318336.000000
12834318336.000000
-nan
-nan
12834318336.000000
12834318336.000000
12834318336.000000
12834318336.000000
12847163392.000000
12842969088.000000
12838774784.000000
12834580480.000000
12830386176.000000
12826191872.000000
12821997568.000000
12820496384.000000
12834318336.000000
12834318336.000000
-nan
-nan
12834318336.000000
12834318336.000000
12834318336.000000
12834318336.000000
12847163392.000000
12842969088.000000
12838774784.000000
12834580480.000000
12830386176.000000
12826191872.000000
12821997568.000000
12820496384.000000
12834318336.000000
12834318336.000000
-nan
-nan
12834318336.000000
12834318336.000000
12834318336.000000
12834318336.000000
12847163392.000000
12842969088.000000
12838774784.000000
12834580480.000000
12830386176.000000
12826191872.000000
12821997568.000000
12820496384.000000
17129285632.000000
17129285632.000000
17129285632.000000
17129285632.000000
17137936384.000000
17129547776.000000
17121159168.000000
17115463680.000000
17062176768.000000
17062176768.000000
17062176768.000000
17062176768.000000
17070827520.000000
17062438912.000000
17054050304.000000
17048354816.000000
16995067904.000000
16995067904.000000
16995067904.000000
16995067904.000000
17003718656.000000
16995330048.000000
16986941440.000000
16981245952.000000
16927959040.000000
16927959040.000000
16927959040.000000
16927959040.000000
16936609792.000000
16928221184.000000
16919832576.000000
16914137088.000000
16860850176.000000
16860850176.000000
16860850176.000000
16860850176.000000
16869500928.000000
16861112320.000000
16852723712.000000
16847028224.000000
16793741312.000000
16793741312.000000
16793741312.000000
16793741312.000000
16802392064.000000
16794003456.000000
16785614848.000000
16779919360.000000
16726632448.000000
16726632448.000000
16726632448.000000
16726632448.000000
16735283200.000000
16726894592.000000
16718505984.000000
16712810496.000000
16659523584.000000
16659523584.000000
16659523584.000000
16659523584.000000
16668174336.000000
16659785728.000000
16651397120.000000
16645701632.000000
16592414720.000000
16592414720.000000
16592414720.000000
16592414720.000000
16601065472.000000
16592676864.000000
16584288256.000000
16578592768.000000
16525305856.000000
16525305856.000000
16525305856.000000
16525305856.000000
16533956608.000000
16525568000.000000
16517179392.000000
16511483904.000000
16458196992.000000
16458196992.000000
16458196992.000000
16458196992.000000
16466847744.000000
16458459136.000000
16450070528.000000
16444375040.000000
16391088128.000000
16391088128.000000
16391088128.000000
16391088128.000000
16399738880.000000
16391350272.000000
16382961664.000000
16377266176.000000
16323979264.000000
16323979264.000000
16323979264.000000
16323979264.000000
16332630016.000000
16324241408.000000
16315852800.000000
16310157312.000000
16256870400.000000
16256870400.000000
16256870400.000000
16256870400.000000
16265521152.000000
16257132544.000000
16248743936.000000
16243048448.000000
16189761536.000000
16189761536.000000
16189761536.000000
16189761536.000000
16198412288.000000
16190023680.000000
16181635072.000000
16175939584.000000
16122652672.000000
16122652672.000000
16122652672.000000
16122652672.000000
16131303424.000000
16122914816.000000
16114526208.000000
16108830720.000000
16055543808.000000
16055543808.000000
16055543808.000000
16055543808.000000
16064194560.000000
16055805952.000000
16047417344.000000
16041721856.000000
15988434944.000000
15988434944.000000
15988434944.000000
15988434944.000000
15997085696.000000
15988697088.000000
15980308480.000000
15974612992.000000
15921326080.000000
15921326080.000000
15921326080.000000
15921326080.000000
15929976832.000000
15921588224.000000
15913199616.000000
15907504128.000000
15854217216.000000
15854217216.000000
15854217216.000000
15854217216.000000
15862867968.000000
15854479360.000000
15846090752.000000
15840395264.000000
15787108352.000000
15787108352.000000
15787108352.000000
15787108352.000000
15795759104.000000
15787370496.000000
15778981888.000000
15773286400.000000
15719999488.000000
15719999488.000000
15719999488.000000
15719999488.000000
15728650240.000000
15720261632.000000
15711873024.000000
15706177536.000000
15652890624.000000
15652890624.000000
15652890624.000000
15652890624.000000
15661541376.000000
15653152768.000000
15644764160.000000
15639068672.000000
15585781760.000000
15585781760.000000
15585781760.000000
15585781760.000000
15594432512.000000
15586043904.000000
15577655296.000000
15571959808.000000
15518672896.000000
15518672896.000000
15518672896.000000
15518672896.000000
15527323648.000000
15518935040.000000
15510546432.000000
15504850944.000000
15451564032.000000
15451564032.000000
15451564032.000000
15451564032.000000
15460214784.000000
15451826176.000000
15443437568.000000
15437742080.000000
15384455168.000000
15384455168.000000
15384455168.000000
15384455168.000000
15393105920.000000
15384717312.000000
15376328704.000000
15370633216.000000
15317346304.000000
15317346304.000000
15317346304.000000
15317346304.000000
15325997056.000000
15317608448.000000
15309219840.000000
15303524352.000000
15250237440.000000
15250237440.000000
15250237440.000000
15250237440.000000
15258888192.000000
15250499584.000000
15242110976.000000
15236415488.000000
15183128576.000000
15183128576.000000
15183128576.000000
15183128576.000000
15191779328.000000
15183390720.000000
15175002112.000000
15169306624.000000
15116019712.000000
15116019712.000000
15116019712.000000
15116019712.000000
15124670464.000000
15116281856.000000
15107893248.000000
15102197760.000000
15048910848.000000
15048910848.000000
15048910848.000000
15048910848.000000
15057561600.000000
15049172992.000000
15040784384.000000
15035088896.000000
14981801984.000000
14981801984.000000
14981801984.000000
14981801984.000000
14990452736.000000
14982064128.000000
14973675520.000000
14967980032.000000
14914693120.000000
14914693120.000000
14914693120.000000
14914693120.000000
14923343872.000000
14914955264.000000
14906566656.000000
14900871168.000000
14847584256.000000
14847584256.000000
14847584256.000000
14847584256.000000
14856235008.000000
14847846400.000000
14839457792.000000
14833762304.000000
14780475392.000000
14780475392.000000
14780475392.000000
14780475392.000000
14789126144.000000
14780737536.000000
14772348928.000000
14766653440.000000
14713366528.000000
14713366528.000000
14713366528.000000
14713366528.000000
14722017280.000000
14713628672.000000
14705240064.000000
14699544576.000000
14646257664.000000
14646257664.000000
14646257664.000000
14646257664.000000
14654908416.000000
14646519808.000000
14638131200.000000
14632435712.000000
14579148800.000000
14579148800.000000
14579148800.000000
14579148800.000000
14587799552.000000
14579410944.000000
14571022336.000000
14565326848.000000
14512039936.000000
14512039936.000000
14512039936.000000
14512039936.000000
14520690688.000000
14512302080.000000
14503913472.000000
14498217984.000000
14444931072.000000
14444931072.000000
14444931072.000000
14444931072.000000
14453581824.000000
14445193216.000000
14436804608.000000
14431109120.000000
14377822208.000000
14377822208.000000
14377822208.000000
14377822208.000000
14386472960.000000
14378084352.000000
14369695744.000000
14364000256.000000
14310713344.000000
14310713344.000000
14310713344.000000
14310713344.000000
14319364096.000000
14310975488.000000
14302586880.000000
14296891392.000000
14243604480.000000
14243604480.000000
14243604480.000000
14243604480.000000
14252255232.000000
14243866624.000000
14235478016.000000
14229782528.000000
14176495616.000000
14176495616.000000
14176495616.000000
14176495616.000000
14185146368.000000
14176757760.000000
14168369152.000000
14162673664.000000
14109386752.000000
14109386752.000000
14109386752.000000
14109386752.000000
14118037504.000000
14109648896.000000
14101260288.000000
14095564800.000000
14042277888.000000
14042277888.000000
14042277888.000000
14042277888.000000
14050928640.000000
14042540032.000000
14034151424.000000
14028455936.000000
13975169024.000000
13975169024.000000
13975169024.000000
13975169024.000000
13983819776.000000
13975431168.000000
13967042560.000000
13961347072.000000
13908060160.000000
13908060160.000000
13908060160.000000
13908060160.000000
13916710912.000000
13908322304.000000
13899933696.000000
13894238208.000000
13840951296.000000
13840951296.000000
13840951296.000000
13840951296.000000
13849602048.000000
13841213440.000000
13832824832.000000
13827129344.000000
13773842432.000000
13773842432.000000
13773842432.000000
13773842432.000000
13782493184.000000
13774104576.000000
13765715968.000000
13760020480.000000
13706733568.000000
13706733568.000000
13706733568.000000
13706733568.000000
13715384320.000000
13706995712.000000
13698607104.000000
13692911616.000000
13639624704.000000
13639624704.000000
13639624704.000000
13639624704.000000
13648275456.000000
13639886848.000000
13631498240.000000
13625802752.000000
13572515840.000000
13572515840.000000
13572515840.000000
13572515840.000000
13581166592.000000
13572777984.000000
13564389376.000000
13558693888.000000
13505406976.000000
13505406976.000000
13505406976.000000
13505406976.000000
13514057728.000000
13505669120.000000
13497280512.000000
13491585024.000000
13438298112.000000
13438298112.000000
13438298112.000000
13438298112.000000
13446948864.000000
13438560256.000000
13430171648.000000
13424476160.000000
13371189248.000000
13371189248.000000
13371189248.000000
13371189248.000000
13379840000.000000
13371451392.000000
13363062784.000000
13357367296.000000
13304080384.000000
13304080384.000000
13304080384.000000
13304080384.000000
13312731136.000000
13304342528.000000
13295953920.000000
13290258432.000000
13236971520.000000
13236971520.000000
13236971520.000000
13236971520.000000
13245622272.000000
13237233664.000000
13228845056.000000
13223149568.000000
13169862656.000000
13169862656.000000
13169862656.000000
13169862656.000000
13178513408.000000
13170124800.000000
13161736192.000000
13156040704.000000
13102753792.000000
13102753792.000000
13102753792.000000
13102753792.000000
13111404544.000000
13103015936.000000
13094627328.000000
13088931840.000000
13035644928.000000
13035644928.000000
13035644928.000000
13035644928.000000
13044295680.000000
13035907072.000000
13027518464.000000
13021822976.000000
12968536064.000000
12968536064.000000
12968536064.000000
12968536064.000000
12977186816.000000
12968798208.000000
12960409600.000000
12954714112.000000
12901427200.000000
12901427200.000000
12901427200.000000
12901427200.000000
12910077952.000000
12901689344.000000
12893300736.000000
12887605248.000000
12834318336.000000
12834318336.000000
12834318336.000000
12834318336.000000
12842969088.000000
12834580480.000000
12826191872.000000
12820496384.000000
12767209472.000000
12767209472.000000
12767209472.000000
12767209472.000000
12775860224.000000
12767471616.000000
12759083008.000000
12753387520.000000
12700100608.000000
12700100608.000000
12700100608.000000
12700100608.000000
12708751360.000000
12700362752.000000
12691974144.000000
12686278656.000000
12632991744.000000
12632991744.000000
12632991744.000000
12632991744.000000
12641642496.000000
12633253888.000000
12624865280.000000
12619169792.000000
12565882880.000000
12565882880.000000
12565882880.000000
12565882880.000000
12574533632.000000
12566145024.000000
12557756416.000000
12552060928.000000
12498774016.000000
12498774016.000000
12498774016.000000
12498774016.000000
12507424768.000000
12499036160.000000
12490647552.000000
12484952064.000000
12431665152.000000
12431665152.000000
12431665152.000000
12431665152.000000
12440315904.000000
12431927296.000000
12423538688.000000
12417843200.000000
12364556288.000000
12364556288.000000
12364556288.000000
12364556288.000000
12373207040.000000
12364818432.000000
12356429824.000000
12350734336.000000
12297447424.000000
12297447424.000000
12297447424.000000
12297447424.000000
12306098176.000000
12297709568.000000
12289320960.000000
12283625472.000000
12230338560.000000
12230338560.000000
12230338560.000000
12230338560.000000
12238989312.000000
12230600704.000000
12222212096.000000
12216516608.000000
12163229696.000000
12163229696.000000
12163229696.000000
12163229696.000000
12171880448.000000
12163491840.000000
12155103232.000000
12149407744.000000
12096120832.000000
12096120832.000000
12096120832.000000
12096120832.000000
12104771584.000000
12096382976.000000
12087994368.000000
12082298880.000000
12029011968.000000
12029011968.000000
12029011968.000000
12029011968.000000
12037662720.000000
12029274112.000000
12020885504.000000
12015190016.000000
11961903104.000000
11961903104.000000
11961903104.000000
11961903104.000000
11970553856.000000
11962165248.000000
11953776640.000000
11948081152.000000
11894794240.000000
11894794240.000000
11894794240.000000
11894794240.000000
11903444992.000000
11895056384.000000
11886667776.000000
11880972288.000000
11827685376.000000
11827685376.000000
11827685376.000000
11827685376.000000
11836336128.000000
11827947520.000000
11819558912.000000
11813863424.000000
11760576512.000000
11760576512.000000
11760576512.000000
11760576512.000000
11769227264.000000
11760838656.000000
11752450048.000000
11746754560.000000
11693467648.000000
11693467648.000000
11693467648.000000
11693467648.000000
11702118400.000000
11693729792.000000
11685341184.000000
11679645696.000000
11626358784.000000
11626358784.000000
11626358784.000000
11626358784.000000
11635009536.000000
11626620928.000000
11618232320.000000
11612536832.000000
11559249920.000000
11559249920.000000
11559249920.000000
11559249920.000000
11567900672.000000
11559512064.000000
11551123456.000000
11545427968.000000
11492141056.000000
11492141056.000000
11492141056.000000
11492141056.000000
11500791808.000000
11492403200.000000
11484014592.000000
11478319104.000000
11425032192.000000
11425032192.000000
11425032192.000000
11425032192.000000
11433682944.000000
11425294336.000000
11416905728.000000
11411210240.000000
11357923328.000000
11357923328.000000
11357923328.000000
11357923328.000000
11366574080.000000
11358185472.000000
11349796864.000000
11344101376.000000
11290814464.000000
11290814464.000000
11290814464.000000
11290814464.000000
11299465216.000000
11291076608.000000
11282688000.000000
11276992512.000000
11223705600.000000
11223705600.000000
11223705600.000000
11223705600.000000
11232356352.000000
11223967744.000000
11215579136.000000
11209883648.000000
11156596736.000000
11156596736.000000
11156596736.000000
11156596736.000000
11165247488.000000
11156858880.000000
11148470272.000000
11142774784.000000
11089487872.000000
11089487872.000000
11089487872.000000
11089487872.000000
11098138624.000000
11089750016.000000
11081361408.000000
11075665920.000000
11022379008.000000
11022379008.000000
11022379008.000000
11022379008.000000
11031029760.000000
11022641152.000000
11014252544.000000
11008557056.000000
10955270144.000000
10955270144.000000
10955270144.000000
10955270144.000000
10963920896.000000
10955532288.000000
10947143680.000000
10941448192.000000
10888161280.000000
10888161280.000000
10888161280.000000
10888161280.000000
10896812032.000000
10888423424.000000
10880034816.000000
10874339328.000000
10821052416.000000
10821052416.000000
10821052416.000000
10821052416.000000
10829703168.000000
10821314560.000000
10812925952.000000
10807230464.000000
10753943552.000000
10753943552.000000
10753943552.000000
10753943552.000000
10762594304.000000
10754205696.000000
10745817088.000000
10740121600.000000
10686834688.000000
10686834688.000000
10686834688.000000
10686834688.000000
10695485440.000000
10687096832.000000
10678708224.000000
10673012736.000000
10619725824.000000
10619725824.000000
10619725824.000000
10619725824.000000
10628376576.000000
10619987968.000000
10611599360.000000
10605903872.000000
10552616960.000000
10552616960.000000
10552616960.000000
10552616960.000000
10561267712.000000
10552879104.000000
10544490496.000000
10538795008.000000
10485508096.000000
10485508096.000000
10485508096.000000
10485508096.000000
10494158848.000000
10485770240.000000
10477381632.000000
10471686144.000000
0.540285
0.000000
0.000000
0.000000
0.000000
0.000000
0.000000
0.000000
9263654912.000000
12820496384.000000
12820496384.000000
12820496384.000000
15035088896.000000
12887605248.000000
10740121600.000000
9282027520.000000
10284181504.000000
10284181504.000000
10284181504.000000
10284181504.000000
10292832256.000000
10284443648.000000
10276055040.000000
10270359552.000000
12820496384.000000
12820496384.000000
12820496384.000000
12820496384.000000
15035088896.000000
12887605248.000000
10740121600.000000
9282027520.000000
10149963776.000000
10149963776.000000
10149963776.000000
10149963776.000000
10158614528.000000
10150225920.000000
10141837312.000000
10136141824.000000
10082854912.000000
10082854912.000000
10082854912.000000
10082854912.000000
10091505664.000000
10083117056.000000
10074728448.000000
10069032960.000000
10015746048.000000
10015746048.000000
10015746048.000000
10015746048.000000
10024396800.000000
10016008192.000000
10007619584.000000
10001924096.000000
9948637184.000000
9948637184.000000
9948637184.000000
9948637184.000000
9957287936.000000
9948899328.000000
9940510720.000000
9934815232.000000
9881528320.000000
9881528320.000000
9881528320.000000
9881528320.000000
9890179072.000000
9881790464.000000
9873401856.000000
9867706368.000000
9814419456.000000
9814419456.000000
9814419456.000000
9814419456.000000
9823070208.000000
9814681600.000000
9806292992.000000
9800597504.000000
9747310592.000000
9747310592.000000
9747310592.000000
9747310592.000000
9755961344.000000
9747572736.000000
9739184128.000000
9733488640.000000
9680201728.000000
9680201728.000000
9680201728.000000
9680201728.000000
9688852480.000000
9680463872.000000
9672075264.000000
9666379776.000000
12820496384.000000
12820496384.000000
12820496384.000000
12820496384.000000
15035088896.000000
12887605248.000000
10740121600.000000
9282027520.000000
12820496384.000000
12820496384.000000
12820496384.000000
12820496384.000000
15035088896.000000
12887605248.000000
10740121600.000000
9282027520.000000
12820496384.000000
12820496384.000000
12820496384.000000
12820496384.000000
15035088896.000000
12887605248.000000
10740121600.000000
9282027520.000000
12820496384.000000
12820496384.000000
12820496384.000000
12820496384.000000
15035088896.000000
12887605248.000000
10740121600.000000
9282027520.000000
12820496384.000000
12820496384.000000
12820496384.000000
12820496384.000000
15035088896.000000
12887605248.000000
10740121600.000000
9282027520.000000
0.540284
9277548544.000000
0.540284
9277548544.000000
0.540284
9277548544.000000
0.540284
9277548544.000000
39865907881948741632.000000
9286199296.000000
2.161135
9277810688.000000
0.000000
9269422080.000000
0.000000
9263726592.000000
9210439680.000000
9210439680.000000
9210439680.000000
9210439680.000000
9219090432.000000
9210701824.000000
9202313216.000000
9196617728.000000
9143330816.000000
9143330816.000000
9143330816.000000
9143330816.000000
9151981568.000000
9143592960.000000
9135204352.000000
9129508864.000000
9076221952.000000
9076221952.000000
9076221952.000000
9076221952.000000
9084872704.000000
9076484096.000000
9068095488.000000
9062400000.000000
9009113088.000000
9009113088.000000
9009113088.000000
9009113088.000000
9017763840.000000
9009375232.000000
9000986624.000000
8995291136.000000
12820496384.000000
12820496384.000000
12820496384.000000
12820496384.000000
15035088896.000000
12887605248.000000
10740121600.000000
9282027520.000000
8874895360.000000
8874895360.000000
8874895360.000000
8874895360.000000
8883546112.000000
8875157504.000000
8866768896.000000
8861073408.000000
8807786496.000000
8807786496.000000
8807786496.000000
8807786496.000000
8816437248.000000
8808048640.000000
8799660032.000000
8793964544.000000
8740677632.000000
8740677632.000000
8740677632.000000
8740677632.000000
8749328384.000000
8740939776.000000
8732551168.000000
8726855680.000000
8673568768.000000
8673568768.000000
8673568768.000000
8673568768.000000
8682219520.000000
8673830912.000000
8665442304.000000
8659746816.000000
12820496384.000000
12820496384.000000
12820496384.000000
12820496384.000000
15035088896.000000
12887605248.000000
10740121600.000000
9282027520.000000
3208579584.000000
3208579584.000000
3208645120.000000
3205123840.000000
3208579584.000000
3208579584.000000
3208645120.000000
3205123840.000000
3208579584.000000
3208579584.000000
3208645120.000000
3205123840.000000
3208579584.000000
3208579584.000000
3208645120.000000
3205123840.000000
3208579584.000000
3208579584.000000
3208645120.000000
3205123840.000000
3208579584.000000
3208579584.000000
3208645120.000000
3205123840.000000
3208579584.000000
3208579584.000000
3208645120.000000
3205123840.000000
3208579584.000000
3208579584.000000
3208645120.000000
3205123840.000000
3208579584.000000
3208579584.000000
3208645120.000000
3205123840.000000
3208579584.000000
3208579584.000000
3208645120.000000
3205123840.000000
3208579584.000000
3208579584.000000
3208645120.000000
3205123840.000000
3208579584.000000
3208579584.000000
3208645120.000000
3205123840.000000
3208579584.000000
3208579584.000000
3208645120.000000
3205123840.000000
3208579584.000000
3208579584.000000
3208645120.000000
3205123840.000000
3208579584.000000
3208579584.000000
3208645120.000000
3205123840.000000
3208579584.000000
3208579584.000000
3208645120.000000
3205123840.000000
3208579584.000000
3208579584.000000
3208645120.000000
3205123840.000000
3208579584.000000
3208579584.000000
3208645120.000000
3205123840.000000
3208579584.000000
3208579584.000000
3208645120.000000
3205123840.000000
3208579584.000000
3208579584.000000
3208645120.000000
3205123840.000000
3208579584.000000
3208579584.000000
3208645120.000000
3205123840.000000
3208579584.000000
3208579584.000000
3208645120.000000
3205123840.000000
3208579584.000000
3208579584.000000
3208645120.000000
3205123840.000000
3208579584.000000
3208579584.000000
3208645120.000000
3205123840.000000
3208579584.000000
3208579584.000000
3208645120.000000
3205123840.000000
3208579584.000000
3208579584.000000
3208645120.000000
3205123840.000000
3208579584.000000
3208579584.000000
3208645120.000000
3205123840.000000
3208579584.000000
3208579584.000000
3208645120.000000
3205123840.000000
3208579584.000000
3208579584.000000
3208645120.000000
3205123840.000000
3208579584.000000
3208579584.000000
3208645120.000000
3205123840.000000
3208579584.000000
3208579584.000000
3208645120.000000
3205123840.000000
3208579584.000000
3208579584.000000
3208645120.000000
3205123840.000000
3208579584.000000
3208579584.000000
3208645120.000000
3205123840.000000
3208579584.000000
3208579584.000000
3208645120.000000
3205123840.000000
3208579584.000000
3208579584.000000
3208645120.000000
3205123840.000000
3208579584.000000
3208579584.000000
3208645120.000000
3205123840.000000
3208579584.000000
3208579584.000000
3208645120.000000
3205123840.000000
3208579584.000000
3208579584.000000
3208645120.000000
3205123840.000000
3208579584.000000
3208579584.000000
3208645120.000000
3205123840.000000
3208579584.000000
3208579584.000000
3208645120.000000
3205123840.000000
3208579584.000000
3208579584.000000
3208645120.000000
3205123840.000000
3208579584.000000
3208579584.000000
3208645120.000000
3205123840.000000
3208579584.000000
3208579584.000000
3208645120.000000
3205123840.000000
3208579584.000000
3208579584.000000
3208645120.000000
3205123840.000000
3208579584.000000
3208579584.000000
3208645120.000000
3205123840.000000
3208579584.000000
3208579584.000000
3208645120.000000
3205123840.000000
3208579584.000000
3208579584.000000
3208645120.000000
3205123840.000000
3208579584.000000
3208579584.000000
3208645120.000000
3205123840.000000
3208579584.000000
3208579584.000000
3208645120.000000
3205123840.000000
3208579584.000000
3208579584.000000
3208645120.000000
3205123840.000000
3208579584.000000
3208579584.000000
3208645120.000000
3205123840.000000
3208579584.000000
3208579584.000000
3208645120.000000
3205123840.000000
3208579584.000000
3208579584.000000
3208645120.000000
3205123840.000000
3208579584.000000
3208579584.000000
3208645120.000000
3205123840.000000
3208579584.000000
3208579584.000000
3208645120.000000
3205123840.000000
3208579584.000000
3208579584.000000
3208645120.000000
3205123840.000000
3208579584.000000
3208579584.000000
3208645120.000000
3205123840.000000
3208579584.000000
3208579584.000000
3208645120.000000
3205123840.000000
3208579584.000000
3208579584.000000
3208645120.000000
3205123840.000000
3208579584.000000
3208579584.000000
3208645120.000000
3205123840.000000
3208579584.000000
3208579584.000000
3208645120.000000
3205123840.000000
3208579584.000000
3208579584.000000
3208645120.000000
3205123840.000000
3208579584.000000
3208579584.000000
3208645120.000000
3205123840.000000
3208579584.000000
3208579584.000000
3208645120.000000
3205123840.000000
-nan
3208579584.000000
3208645120.000000
3205123840.000000
-nan
3208579584.000000
3208645120.000000
3205123840.000000
-nan
3208579584.000000
3208645120.000000
3205123840.000000
-nan
3208579584.000000
3208645120.000000
3205123840.000000
-nan
3208579584.000000
3208645120.000000
3205123840.000000
-nan
3208579584.000000
3208645120.000000
3205123840.000000
-nan
3208579584.000000
3208645120.000000
3205123840.000000
-nan
3208579584.000000
3208645120.000000
3205123840.000000
-nan
3208579584.000000
3208645120.000000
3205123840.000000
-nan
3208579584.000000
3208645120.000000
3205123840.000000
-nan
3208579584.000000
3208645120.000000
3205123840.000000
-nan
3208579584.000000
3208645120.000000
3205123840.000000
-nan
3208579584.000000
3208645120.000000
3205123840.000000
-nan
3208579584.000000
3208645120.000000
3205123840.000000
-nan
3208579584.000000
3208645120.000000
3205123840.000000
-nan
3208579584.000000
3208645120.000000
3205123840.000000
-nan
3208579584.000000
3208645120.000000
3205123840.000000
-nan
3208579584.000000
3208645120.000000
3205123840.000000
-nan
3208579584.000000
3208645120.000000
3205123840.000000
-nan
3208579584.000000
3208645120.000000
3205123840.000000
-nan
3208579584.000000
3208645120.000000
3205123840.000000
-nan
3208579584.000000
3208645120.000000
3205123840.000000
-nan
3208579584.000000
3208645120.000000
3205123840.000000
-nan
3208579584.000000
3208645120.000000
3205123840.000000
-nan
3208579584.000000
3208645120.000000
3205123840.000000
-nan
3208579584.000000
3208645120.000000
3205123840.000000
-nan
3208579584.000000
3208645120.000000
3205123840.000000
-nan
3208579584.000000
3208645120.000000
3205123840.000000
-nan
3208579584.000000
3208645120.000000
3205123840.000000
-nan
3208579584.000000
3208645120.000000
3205123840.000000
-nan
3208579584.000000
3208645120.000000
3205123840.000000
-nan
3208579584.000000
3208645120.000000
3205123840.000000
-nan
3208579584.000000
3208645120.000000
3205123840.000000
-nan
3208579584.000000
3208645120.000000
3205123840.000000
-nan
3208579584.000000
3208645120.000000
3205123840.000000
-nan
3208579584.000000
3208645120.000000
3205123840.000000
0.540272
0.540024
2.160098
0.000000
-nan
3208579584.000000
3208645120.000000
3205123840.000000
-nan
3208579584.000000
3208645120.000000
3205123840.000000
-nan
3208579584.000000
3208645120.000000
3205123840.000000
-nan
3208579584.000000
3208645120.000000
3205123840.000000
-nan
3208579584.000000
3208645120.000000
3205123840.000000
-nan
3208579584.000000
3208645120.000000
3205123840.000000
-nan
3208579584.000000
3208645120.000000
3205123840.000000
-nan
3208579584.000000
3208645120.000000
3205123840.000000
-nan
3208579584.000000
3208645120.000000
3205123840.000000
-nan
3208579584.000000
3208645120.000000
3205123840.000000
-nan
3208579584.000000
3208645120.000000
3205123840.000000
-nan
3208579584.000000
3208645120.000000
3205123840.000000
-nan
3208579584.000000
3208645120.000000
3205123840.000000
-nan
3208579584.000000
3208645120.000000
3205123840.000000
-nan
3208579584.000000
3208645120.000000
3205123840.000000
-nan
3208579584.000000
3208645120.000000
3205123840.000000
-nan
3208579584.000000
3208645120.000000
3205123840.000000
-nan
3208579584.000000
3208645120.000000
3205123840.000000
-nan
3208579584.000000
3208645120.000000
3205123840.000000
-nan
3208579584.000000
3208645120.000000
3205123840.000000
-nan
3208579584.000000
3208645120.000000
3205123840.000000
-nan
3208579584.000000
3208645120.000000
3205123840.000000
-nan
3208579584.000000
3208645120.000000
3205123840.000000
-nan
3208579584.000000
3208645120.000000
3205123840.000000
-nan
3208579584.000000
3208645120.000000
3205123840.000000
-nan
3208579584.000000
3208645120.000000
3205123840.000000
-nan
3208579584.000000
3208645120.000000
3205123840.000000
4282321408.000000
4278865664.000000
4265544192.000000
4262088448.000000
4248766976.000000
4245311232.000000
4231989760.000000
4228534016.000000
4215212544.000000
4211756800.000000
4198435328.000000
4194979584.000000
4181658112.000000
4178202368.000000
4164880896.000000
4161425152.000000
4148103680.000000
4144647936.000000
4131326464.000000
4127870720.000000
4114549248.000000
4111093504.000000
4097772032.000000
4094316288.000000
4080994816.000000
4077539072.000000
4064217600.000000
4060761856.000000
4047440384.000000
4043984640.000000
4030663168.000000
4027207424.000000
4013885952.000000
4010430208.000000
3997108736.000000
3993652992.000000
3980331520.000000
3976875776.000000
3963554304.000000
3960098560.000000
3946777088.000000
3943321344.000000
3929999872.000000
3926544128.000000
3913222656.000000
3909766912.000000
3896445440.000000
3892989696.000000
3879668224.000000
3876212480.000000
3862891008.000000
3859435264.000000
3846113792.000000
3842658048.000000
3829336576.000000
3825880832.000000
3812559360.000000
3809103616.000000
3795782144.000000
3792326400.000000
3779004928.000000
3775549184.000000
3762227712.000000
3758771968.000000
3745450496.000000
3741994752.000000
3728673280.000000
3725217536.000000
3711896064.000000
3708440320.000000
3695118848.000000
3691663104.000000
3678341632.000000
3674885888.000000
3661564416.000000
3658108672.000000
3644787200.000000
3641331456.000000
3628009984.000000
3624554240.000000
3611232768.000000
3607777024.000000
3594455552.000000
3590999808.000000
3577678336.000000
3574222592.000000
3560901120.000000
3557445376.000000
3544123904.000000
3540668160.000000
3527346688.000000
3523890944.000000
3510569472.000000
3507113728.000000
3493792256.000000
3490336512.000000
3477015040.000000
3473559296.000000
3460237824.000000
3456782080.000000
3443460608.000000
3440004864.000000
3426683392.000000
3423227648.000000
3409906176.000000
3406450432.000000
3393128960.000000
3389673216.000000
3376351744.000000
3372896000.000000
3359574528.000000
3356118784.000000
3342797312.000000
3339341568.000000
3326020096.000000
3322564352.000000
3309242880.000000
3305787136.000000
3292465664.000000
3289009920.000000
3275688448.000000
3272232704.000000
3258911232.000000
3255455488.000000
3242134016.000000
3238678272.000000
3225356800.000000
3221901056.000000
3208579584.000000
3205123840.000000
3191802368.000000
3188346624.000000
3175025152.000000
3171569408.000000
3158247936.000000
3154792192.000000
3141470720.000000
3138014976.000000
3124693504.000000
3121237760.000000
3107916288.000000
3104460544.000000
3091139072.000000
3087683328.000000
3074361856.000000
3070906112.000000
3057584640.000000
3054128896.000000
3040807424.000000
3037351680.000000
3024030208.000000
3020574464.000000
3007252992.000000
3003797248.000000
2990475776.000000
2987020032.000000
2973698560.000000
2970242816.000000
2956921344.000000
2953465600.000000
2940144128.000000
2936688384.000000
2923366912.000000
2919911168.000000
2906589696.000000
2903133952.000000
2889812480.000000
2886356736.000000
2873035264.000000
2869579520.000000
2856258048.000000
2852802304.000000
2839480832.000000
2836025088.000000
2822703616.000000
2819247872.000000
2805926400.000000
2802470656.000000
2789149184.000000
2785693440.000000
2772371968.000000
2768916224.000000
2755594752.000000
2752139008.000000
2738817536.000000
2735361792.000000
2722040320.000000
2718584576.000000
2705263104.000000
2701807360.000000
2688485888.000000
2685030144.000000
2671708672.000000
2668252928.000000
2654931456.000000
2651475712.000000
2638154240.000000
2634698496.000000
2621377024.000000
2617921280.000000
0.540270
0.000000
3205106176.000000
2320449280.000000
2571045376.000000
2567589632.000000
3205123840.000000
2320449280.000000
2537490944.000000
2534035200.000000
2520713728.000000
2517257984.000000
2503936512.000000
2500480768.000000
2487159296.000000
2483703552.000000
2470382080.000000
2466926336.000000
2453604864.000000
2450149120.000000
2436827648.000000
2433371904.000000
2420050432.000000
2416594688.000000
3205123840.000000
2320449280.000000
3205123840.000000
2320449280.000000
3205123840.000000
2320449280.000000
3205123840.000000
2320449280.000000
3205123840.000000
2320449280.000000
0.540269
2319387136.000000
0.000000
2315931392.000000
2302609920.000000
2299154176.000000
2285832704.000000
2282376960.000000
2269055488.000000
2265599744.000000
2252278272.000000
2248822528.000000
3205123840.000000
2320449280.000000
2218723840.000000
2215268096.000000
2201946624.000000
2198490880.000000
2185169408.000000
2181713664.000000
2168392192.000000
2164936448.000000
3205123840.000000
2320449280.000000
801280960.000000
801280896.000000
801280896.000000
801280896.000000
801280896.000000
801280896.000000
801280896.000000
801280896.000000
801280896.000000
801280896.000000
801280896.000000
801280896.000000
801280896.000000
801280896.000000
801280896.000000
801280896.000000
801280896.000000
801280896.000000
801280896.000000
801280896.000000
801280896.000000
801280896.000000
801280896.000000
801280896.000000
801280896.000000
801280896.000000
801280896.000000
801280896.000000
801280896.000000
801280896.000000
801280896.000000
801280896.000000
801280896.000000
801280896.000000
801280896.000000
801280896.000000
801280896.000000
801280896.000000
801280896.000000
801280896.000000
801280896.000000
801280896.000000
801280896.000000
801280896.000000
801280896.000000
801280896.000000
801280896.000000
801280896.000000
801280896.000000
801280896.000000
801280896.000000
801280896.000000
801280896.000000
801280896.000000
801280896.000000
801280896.000000
801280896.000000
801280896.000000
801280896.000000
801280896.000000
801280896.000000
801280896.000000
801280896.000000
801280896.000000
801280896.000000
801280896.000000
801280896.000000
801280896.000000
801280896.000000
801280896.000000
801280896.000000
801280896.000000
801280896.000000
801280896.000000
801280896.000000
801280896.000000
801280896.000000
801280896.000000
801280896.000000
801280896.000000
801280896.000000
801280896.000000
801280896.000000
801280896.000000
801280896.000000
801280896.000000
801280896.000000
801280896.000000
801280896.000000
801280896.000000
801280896.000000
801280896.000000
801280896.000000
801280896.000000
801280896.000000
801280896.000000
801280896.000000
801280896.000000
801280896.000000
801280896.000000
0.000000
801276544.000000
801280896.000000
801280896.000000
801280896.000000
801280896.000000
801280896.000000
801280896.000000
801280896.000000
801280896.000000
801280896.000000
801280896.000000
801280896.000000
801280896.000000
801280896.000000
801280896.000000
801280896.000000
801280896.000000
801280896.000000
801280896.000000
801280896.000000
801280896.000000
801280896.000000
801280896.000000
801280896.000000
801280896.000000
801280896.000000
801280896.000000
1065522048.000000
1057133440.000000
1048744832.000000
1040356224.000000
1031967616.000000
1023579008.000000
1015190400.000000
1006801792.000000
998413184.000000
990024576.000000
981635968.000000
973247360.000000
964858752.000000
956470144.000000
948081536.000000
939692928.000000
931304320.000000
922915712.000000
914527104.000000
906138496.000000
897749888.000000
889361280.000000
880972672.000000
872584064.000000
864195456.000000
855806848.000000
847418240.000000
839029632.000000
830641024.000000
822252416.000000
813863808.000000
805475200.000000
797086592.000000
788697984.000000
780309376.000000
771920768.000000
763532160.000000
755143552.000000
746754944.000000
738366336.000000
729977728.000000
721589120.000000
713200512.000000
704811904.000000
696423296.000000
688034688.000000
679646080.000000
671257472.000000
662868864.000000
654480256.000000
580093696.000000
580092544.000000
629314432.000000
620925824.000000
612537216.000000
604148608.000000
580092928.000000
580092544.000000
0.000000
578982784.000000
570594176.000000
562205568.000000
553816960.000000
545428352.000000
580092032.000000
200320224.000000
200320208.000000
200320208.000000
200320208.000000
200320208.000000
200320208.000000
200320208.000000
200320208.000000
200320208.000000
200320208.000000
200320208.000000
200320208.000000
200320208.000000
200320208.000000
200320208.000000
200320208.000000
200320208.000000
200320208.000000
200320208.000000
200320208.000000
200320208.000000
200320208.000000
200320208.000000
200320208.000000
200320208.000000
200320208.000000
200320208.000000
200320208.000000
200320208.000000
200320208.000000
200320208.000000
200320208.000000
260089040.000000
251700432.000000
243311824.000000
234923216.000000
226534608.000000
218146000.000000
209757392.000000
201368784.000000
192980176.000000
184591568.000000
176202960.000000
167814352.000000
145019392.000000
151037136.000000
142648528.000000
145019008.000000
50080052.000000
50080048.000000
50080048.000000
50080048.000000
50080048.000000
50080048.000000
50080048.000000
50080048.000000
58730800.000000
50342192.000000
41953584.000000
36253824.000000
12520012.000000
12520011.000000
9063231.000000
0.000000
